{
 "cells": [
  {
   "cell_type": "markdown",
   "metadata": {},
   "source": [
    "### This notebook is for testing code and eventually move it to a more organized file"
   ]
  },
  {
   "cell_type": "code",
   "execution_count": 5,
   "metadata": {},
   "outputs": [],
   "source": [
    "from SCFC_data_extraction import *\n",
    "import torch\n",
    "import pandas as pd\n",
    "import plotly.express as px\n",
    "from corticalSCFCDataset import *\n",
    "from diffusionModel import *\n",
    "from networkModel import *\n",
    "from utils import *"
   ]
  },
  {
   "cell_type": "code",
   "execution_count": 12,
   "metadata": {},
   "outputs": [
    {
     "name": "stdout",
     "output_type": "stream",
     "text": [
      "Data shape: torch.Size([32, 1, 68, 68]), Labels shape: torch.Size([32, 1, 68, 68])\n"
     ]
    }
   ],
   "source": [
    "ids_FC, cortical_FC, cortical_SC = load_cortical_SC_FC()\n",
    "\n",
    "data_loader = DataLoader(corticalSCFCDataset(FC_matrices=cortical_FC, SC_matrices = cortical_SC), batch_size = 32)\n",
    "\n",
    "for batch in data_loader:\n",
    "    data, labels = batch\n",
    "    print(f\"Data shape: {data.shape}, Labels shape: {labels.shape}\")\n",
    "    break\n"
   ]
  },
  {
   "cell_type": "code",
   "execution_count": 13,
   "metadata": {},
   "outputs": [
    {
     "data": {
      "application/vnd.plotly.v1+json": {
       "config": {
        "plotlyServerURL": "https://plot.ly"
       },
       "data": [
        {
         "coloraxis": "coloraxis",
         "hovertemplate": "X-axis Label: %{x}<br>Y-axis Label: %{y}<br>Value: %{z}<extra></extra>",
         "name": "0",
         "type": "heatmap",
         "xaxis": "x",
         "yaxis": "y",
         "z": [
          [
           6.1030338227611125,
           0.17380387523946442,
           0.2002956054510932,
           0.2697002075776561,
           0.21571455674325582,
           0.2628675494437131,
           0.23552352141976324,
           0.33746480124872213,
           0.24941312108936892,
           0.2534138637830842,
           0.08613039860579617,
           0.13713519429683296,
           0.173870135164886,
           0.3062511605609326,
           0.3144529085878307,
           0.12213863134024076,
           0.08278151403852373,
           0.391771111635563,
           0.194496849299003,
           0.44158488441921523,
           0.3999780361492986,
           0.30070544321122994,
           0.276328145076411,
           0.32485472986044367,
           0.37862079193040343,
           0.42898397162149393,
           0.3421504647554948,
           0.5189933598507921,
           0.07364880710293147,
           0.010025682843348222,
           0.2913800233759256,
           0.45243586346339765,
           0.16905219742102545,
           0.4050506616808325,
           0.15991830412160415,
           0.19993842438747012,
           0.156342600199791,
           0.2719925628907338,
           0.2595214213457443,
           0.26507689739264173,
           0.2745455805272077,
           0.22959435445649226,
           0.20171486519358836,
           0.0632454814137571,
           0.06753829470198566,
           0.1806956475317665,
           0.32852609476447536,
           0.2552615011222403,
           0.020455389234834528,
           0.13271515803088874,
           0.35544762651738954,
           0.17539988276164592,
           0.41467704550315476,
           0.3585814930478143,
           0.29651836739150506,
           0.19999710450840766,
           0.2527706508638568,
           0.3827810326900212,
           0.35763902484042387,
           0.2341985971386817,
           0.49598382881401687,
           -0.026929396593429415,
           0.06469454536078482,
           0.2735936126410988,
           0.4667151238588314,
           0.0013954887000329685,
           0.08570298514423755,
           0.0658232136043857
          ],
          [
           0.17380387523946442,
           6.1030338227611125,
           0.27535677924712104,
           0.43460289487197923,
           0.9951879037954459,
           0.5973806127014847,
           0.4885014662858466,
           0.20663751562549218,
           0.45040752378201926,
           0.3467755417201187,
           0.21884200738129567,
           0.6592741230184095,
           0.29534806083794235,
           0.3082117369168903,
           0.5943611291532169,
           0.5170972474134607,
           0.3509778580179634,
           0.45736557140793344,
           0.3557893480551855,
           0.3367840950567647,
           0.40823970490046174,
           0.6169310604632442,
           0.12635694092083702,
           1.0456111590404908,
           0.7050420892900593,
           0.4288313961475332,
           0.37884507904623427,
           0.465631499549187,
           0.17380539020426414,
           0.042426294466444484,
           0.24661960787466217,
           0.3235987041832191,
           0.20964836482188567,
           0.11774532924199778,
           0.5899705015663089,
           0.2702461995020834,
           0.11051992933042233,
           0.5214123682729086,
           0.3804671373177275,
           0.3353650353898612,
           0.15236472400069112,
           0.355427780297376,
           0.3161162857039047,
           0.04769626169187106,
           0.3218354583740368,
           0.2234177842543666,
           0.18746009531365054,
           0.3330348180457363,
           0.46563643883318484,
           0.33612510197815454,
           0.37076319742547326,
           0.35109137959390085,
           0.23079657136939338,
           0.3367245241555019,
           0.4261829775043514,
           0.03317926908103912,
           0.5557559499137503,
           0.49044918857851,
           0.37395356758442055,
           0.2807946891842823,
           0.263894416289178,
           0.1569091923859784,
           0.06213991410245452,
           0.2498317372278307,
           0.3223114868839171,
           0.11642050299427595,
           -0.010989753437338627,
           0.1078646084651454
          ],
          [
           0.2002956054510932,
           0.27535677924712104,
           6.1030338227611125,
           0.9776567025729341,
           0.5364134965973373,
           0.424606233163143,
           0.4286274971283639,
           0.764078807769522,
           0.2658981987583843,
           1.3144974507542904,
           0.16604338100019825,
           0.35182560551208397,
           0.402085343162038,
           0.5588023003220352,
           0.3274948614017662,
           0.1662613476198505,
           0.09748523828823868,
           0.9218758962052185,
           0.7975690740403363,
           0.2691715753385693,
           0.7090759562103999,
           0.3984146594131955,
           0.1212183643072933,
           0.3564537993348459,
           0.3879724374818392,
           0.9682245947253404,
           0.6989559189942766,
           0.4926262214267887,
           0.06502934101309786,
           0.02975802271775445,
           0.2644098835444379,
           0.43919859130534933,
           0.5140935771652473,
           0.16596539862976584,
           0.2585533129983285,
           1.2433941842223282,
           0.18735018829360198,
           0.5212595749001252,
           0.505446154049472,
           0.4550220978940349,
           0.6547113299682529,
           0.170473054162402,
           1.3042980121709493,
           0.027724155371969927,
           0.2530368749294051,
           0.49371478008815584,
           0.4778154116701188,
           0.16503900800507465,
           0.1526943619825752,
           0.1304513442270107,
           0.7539208455733875,
           0.7813510492751845,
           0.2599831474775679,
           0.7964621526137585,
           0.3640930311834159,
           0.04142841345815096,
           0.23036475792269315,
           0.356339159898469,
           1.001265515604285,
           0.6519223764093562,
           0.6414348826299611,
           0.11090605581004559,
           0.043713842554633696,
           0.3381360645788862,
           0.42999246434210936,
           0.06258039445173066,
           0.030908540796192333,
           0.19834266902961606
          ],
          [
           0.2697002075776561,
           0.43460289487197923,
           0.9776567025729341,
           6.1030338227611125,
           0.7702244930204656,
           0.6506668899883374,
           0.5522828867936199,
           0.7600597190468336,
           0.3506227944421906,
           1.1503103927987648,
           0.20092690336236912,
           0.44537499033986805,
           0.5249869752318469,
           0.5266760188075167,
           0.42120081824272626,
           0.27868923035202026,
           0.12062683871093914,
           0.9710793049729172,
           0.6611362293378866,
           0.4054633433067717,
           0.6867285348369294,
           0.5704227644646247,
           0.16708827942701462,
           0.5415962424131651,
           0.5101171145587431,
           1.0878453298824662,
           0.7205575737002604,
           0.6486166848871102,
           0.135056088883824,
           0.055986946412902944,
           0.30642841995914655,
           0.5049057407387583,
           0.45628911357289975,
           0.2390082251388695,
           0.40290314593438287,
           0.9662089245709018,
           0.23029735543415358,
           0.7443729045915225,
           0.6740869207444715,
           0.4959596611628362,
           0.6832842745619475,
           0.29967637045702905,
           1.0965694549816172,
           0.021814794438907156,
           0.3449065099743081,
           0.5369667253235471,
           0.3913656090301724,
           0.27748217666556924,
           0.25596211758102333,
           0.20738876435669606,
           0.8539074256431886,
           0.6291356606957302,
           0.3417177742134236,
           0.7837918207714318,
           0.5321910980515048,
           0.09761199212878911,
           0.4137662717710598,
           0.520325256825685,
           1.1345095909442366,
           0.6235607369217241,
           0.7267496467729959,
           0.1583993388330118,
           0.04531612472847459,
           0.36128834934193554,
           0.5195728017481666,
           0.0789468037889346,
           0.025429580304460617,
           0.18288425165765845
          ],
          [
           0.21571455674325582,
           0.9951879037954459,
           0.5364134965973373,
           0.7702244930204656,
           6.1030338227611125,
           0.7844220023740344,
           0.7630740309472004,
           0.40209292798587504,
           0.49173387907267524,
           0.6250684561669158,
           0.29708546900120875,
           0.8883639538387929,
           0.5023040828086658,
           0.4571650129161948,
           0.48539531574125394,
           0.6319029922605551,
           0.2410042012972285,
           0.6959813512605555,
           0.5311710595044727,
           0.5291588065625044,
           0.5226980110036328,
           0.9669093755456208,
           0.2508470073228157,
           1.1227048206805628,
           0.833236837644951,
           0.7613646378216786,
           0.6246276123210013,
           0.6637600851102071,
           0.18730109786084212,
           0.0160663802361831,
           0.3484603632686502,
           0.4863536749797088,
           0.30190716627410163,
           0.16853918315543864,
           0.7301626623729526,
           0.5159796164886308,
           0.1763067568892178,
           1.0334263397175314,
           0.6432974204010858,
           0.5552165958576575,
           0.35872218313167126,
           0.4006176665246406,
           0.5947333691698528,
           0.1239488817100466,
           0.5763999943041882,
           0.39368967875204947,
           0.2655721780272505,
           0.37233802885336076,
           0.632382664086716,
           0.30798345862550447,
           0.579162621283362,
           0.5167549110073224,
           0.41688336310379875,
           0.5430167035332354,
           0.767352601065637,
           0.1769260585107778,
           0.7423927580077395,
           0.7655211111458566,
           0.7191649953423339,
           0.45492272566406644,
           0.4937976509938015,
           0.24540200406456517,
           0.09156268342784127,
           0.3985918592694267,
           0.46809297389574717,
           0.12649390945587172,
           0.005089732574907197,
           0.1435754533488313
          ],
          [
           0.2628675494437131,
           0.5973806127014847,
           0.424606233163143,
           0.6506668899883374,
           0.7844220023740344,
           6.1030338227611125,
           0.42333403373083,
           0.3157376172790707,
           0.4530979918036148,
           0.4822830375457485,
           0.26863080069061973,
           0.6404210733333933,
           0.32153483976274955,
           0.3829459526838745,
           0.5003546384769041,
           0.5985607036413976,
           0.29433751217632925,
           0.5663096732723694,
           0.39913615547389325,
           0.41254890782870446,
           0.5406352224560794,
           0.4519031903564774,
           0.1710537144931856,
           0.6842013895384171,
           0.6587036594973971,
           0.6200351078567582,
           0.44970956096068787,
           0.7214368327587655,
           0.19883022395780886,
           0.06387425524194267,
           0.26672142963139467,
           0.41245208666244737,
           0.23456103342816254,
           0.12081305845417173,
           0.31742911761249615,
           0.39419841608047945,
           0.2264574395222727,
           0.5196502655858248,
           0.5304185887062517,
           0.26678807974835395,
           0.25169486238842226,
           0.3282012151509456,
           0.42351313499263266,
           0.08896439060262121,
           0.36103809963333416,
           0.24933120521910848,
           0.2516506353430229,
           0.2313160999525239,
           0.38579922951195766,
           0.20465921656390107,
           0.4522869300224073,
           0.40359379311182486,
           0.2559629135859639,
           0.4618185828324952,
           0.3319864020805794,
           0.0730696160220655,
           0.36867452287729363,
           0.3875833428436287,
           0.5401149356161422,
           0.3582174655000173,
           0.5237248929783102,
           0.20578758146503026,
           0.09643405028803782,
           0.27015066376740193,
           0.37775752271493956,
           0.11135644761078654,
           -0.004919847401238792,
           0.22375981515394072
          ],
          [
           0.23552352141976324,
           0.4885014662858466,
           0.4286274971283639,
           0.5522828867936199,
           0.7630740309472004,
           0.42333403373083,
           6.1030338227611125,
           0.3238305545670302,
           0.3109580106351778,
           0.50771772992523,
           0.31386866451862655,
           0.5107421581171014,
           0.508184046502962,
           0.409402122230568,
           0.2137492924907141,
           0.29956751134638443,
           -0.008977315099918818,
           0.5301100125559518,
           0.4547502344314654,
           0.5078793057990194,
           0.3810514165359279,
           0.9655359389333928,
           0.31826334733938755,
           0.5893477884489342,
           0.5716407338948584,
           0.5385188808987519,
           0.5180316347539815,
           0.420178150289198,
           0.07442793286423582,
           0.03552269797486057,
           0.3470738127515066,
           0.4397956671103842,
           0.2293871384859228,
           0.21501441403779026,
           0.4786554664925604,
           0.42863548633160187,
           0.18422886510328967,
           0.7559063077449611,
           0.4843312360121112,
           0.6515984485243694,
           0.28266891103941527,
           0.3168666222446287,
           0.45565831673980606,
           0.20077357176689783,
           0.4739764054329507,
           0.37765272565064506,
           0.258386158705769,
           0.2406060956769019,
           0.33338072632479177,
           0.18051625612841346,
           0.42863946224978244,
           0.4277583683440227,
           0.4531272121158387,
           0.4389887667982198,
           0.8059046229556448,
           0.2665603746867842,
           0.48755126379461733,
           0.6483572584658613,
           0.5310174197423398,
           0.44010313994607103,
           0.4389095855219156,
           0.1649706021969951,
           0.06661724815946274,
           0.3522449813088086,
           0.4816745976479436,
           0.05962321241303637,
           0.029706576537550107,
           0.11989213380975142
          ],
          [
           0.33746480124872213,
           0.20663751562549218,
           0.764078807769522,
           0.7600597190468336,
           0.40209292798587504,
           0.3157376172790707,
           0.3238305545670302,
           6.1030338227611125,
           0.36712109777142204,
           0.7976155199954305,
           0.15991133301624627,
           0.2885579042413187,
           0.32849472242587135,
           0.35342335849114054,
           0.42796357315045847,
           0.09650750641843711,
           0.22511643093613953,
           0.836181412220356,
           0.3959985488538653,
           0.3738123115008545,
           0.45018590632411687,
           0.3331199486525711,
           0.28178568139151183,
           0.30569566509937945,
           0.3786330448750097,
           0.722944229878803,
           0.617402337022737,
           0.3608536978255299,
           0.08878346811050959,
           0.05269002893283571,
           0.23448696553504292,
           0.406263297294307,
           0.4599791149545621,
           0.3138211848728624,
           0.24390609288072362,
           0.7275051656939914,
           0.18353543142443474,
           0.4746423984286864,
           0.5607389018999831,
           0.42389315862518073,
           1.356118988559413,
           0.351094673245488,
           0.7646936338740604,
           0.06350869549602697,
           0.2686703736727704,
           0.35875699253953197,
           0.3272718037519054,
           0.3589859462657654,
           0.21474463425362061,
           0.33178828688302997,
           0.9428326947730934,
           0.39448615982307017,
           0.32798934948453323,
           0.5857676142205306,
           0.34290521639142857,
           0.22246159029267754,
           0.2976030570957785,
           0.4148710409958508,
           0.7844790545522562,
           0.5294653891631479,
           0.4905496662054091,
           0.06867701359173684,
           0.04813413015037228,
           0.329398380311411,
           0.5013911407066547,
           0.10367096375321068,
           0.12993877413536606,
           0.11828898805265328
          ],
          [
           0.24941312108936892,
           0.45040752378201926,
           0.2658981987583843,
           0.3506227944421906,
           0.49173387907267524,
           0.4530979918036148,
           0.3109580106351778,
           0.36712109777142204,
           6.1030338227611125,
           0.2951583595578104,
           0.23116794008660482,
           0.4864382258832145,
           0.19402986355350468,
           0.17934039487695722,
           0.5150619668509365,
           0.33807955739340767,
           0.4032242600552088,
           0.40440083038225433,
           0.20173251074308252,
           0.4056033355740173,
           0.28678164316532423,
           0.3606387976164576,
           0.2971001152049958,
           0.5378587802659817,
           0.5220486477540668,
           0.33980003791499985,
           0.3374211272488992,
           0.34523284753379363,
           0.17305379658370212,
           0.08625544071504042,
           0.19197784134847534,
           0.3419983276934089,
           0.2168358192102781,
           0.18480417736276195,
           0.2779462631299791,
           0.2487673992938541,
           0.13123328384069244,
           0.33210240250397244,
           0.33985169954518146,
           0.23062409836695974,
           0.32007769468573044,
           0.3454824391419158,
           0.25598051271248057,
           0.04204407961777195,
           0.2891076516291645,
           0.12692553290250644,
           0.10310278565308585,
           0.3188508990710172,
           0.35790425600992903,
           0.30836575914188774,
           0.38504266176903557,
           0.20445482616540514,
           0.2520579705122794,
           0.244928714464266,
           0.25604129662185815,
           0.1487083610671259,
           0.34293940433526643,
           0.33314084199282423,
           0.31210253280965883,
           0.24636997019929396,
           0.2515214138932719,
           0.0934057457238298,
           0.09079393944182904,
           0.23680248244641794,
           0.32174813025700033,
           0.10792835312949409,
           0.09295549809083332,
           0.08259299645467301
          ],
          [
           0.2534138637830842,
           0.3467755417201187,
           1.3144974507542904,
           1.1503103927987648,
           0.6250684561669158,
           0.4822830375457485,
           0.50771772992523,
           0.7976155199954305,
           0.2951583595578104,
           6.1030338227611125,
           0.1802446400159722,
           0.37049178539908245,
           0.4834501266890553,
           0.5878034379918081,
           0.35561387435254715,
           0.2155216705895805,
           0.0813490134923621,
           1.1121352901735062,
           0.8118267151615371,
           0.30899900537233543,
           0.7525539985578829,
           0.46752488710417495,
           0.1517345690031581,
           0.45653135506195663,
           0.4319205704368947,
           1.12753577054166,
           0.7111783668040123,
           0.5881119882037337,
           0.09715567502754813,
           0.02087609810141609,
           0.30565441762441264,
           0.5001889476888056,
           0.4421645696264889,
           0.21083037755468143,
           0.35767681196996204,
           1.3279533248617164,
           0.2037486998142348,
           0.6279466711011041,
           0.5547773274235253,
           0.49492124250937763,
           0.698954186267306,
           0.24450022646536163,
           1.4890805200496986,
           0.037265691762657364,
           0.25168250380197577,
           0.5408161448842583,
           0.4739730195983368,
           0.21370647885607547,
           0.2093758256997825,
           0.14522393630124103,
           0.9262231902688449,
           0.7687696414480603,
           0.2917105151255429,
           0.857546883254238,
           0.42992069050979553,
           0.07300317829005094,
           0.3362326092071733,
           0.43617562384478836,
           1.1805463687736806,
           0.6057188372428488,
           0.7588710946118051,
           0.10977005263559306,
           0.02091042168463019,
           0.3527417684046688,
           0.5145628776982811,
           0.08385149654922744,
           0.034729348333878175,
           0.19829823935855442
          ],
          [
           0.08613039860579617,
           0.21884200738129567,
           0.16604338100019825,
           0.20092690336236912,
           0.29708546900120875,
           0.26863080069061973,
           0.31386866451862655,
           0.15991133301624627,
           0.23116794008660482,
           0.1802446400159722,
           6.1030338227611125,
           0.45267302356817773,
           0.18075527163944632,
           0.18026887468753922,
           0.1615643176727129,
           0.285393880387401,
           0.13583162639363033,
           0.205994127658536,
           0.22354430274768505,
           0.1756201246170787,
           0.1532760357937067,
           0.26502877531508817,
           0.19728520221177281,
           0.15658663986459528,
           0.39785242622995465,
           0.10314142572726182,
           0.23226884502933232,
           0.09005505059290224,
           0.04401860273626063,
           0.1170647971108021,
           0.0911097625538084,
           0.14835566179252926,
           0.1663995190513452,
           0.015217471922059082,
           0.02342313253355843,
           0.15197403100046775,
           0.15577248529863158,
           0.12309072379892665,
           0.24396642296031626,
           0.20119661755474316,
           0.10550916995805873,
           0.13904547719021518,
           0.1400307989661044,
           0.29013374120450414,
           0.35211369290114447,
           0.11295725729116957,
           0.08575231616395608,
           -0.007990942820071924,
           0.22279262074092926,
           0.13802220764712592,
           0.14746763871929416,
           0.19231297960520474,
           0.10218343061383377,
           0.12889839058805597,
           0.17855849912339983,
           0.11818819300936417,
           -0.027112615560650224,
           0.1418997308294456,
           0.08120100990290567,
           0.21856565698517622,
           0.06747407900359137,
           0.20479460274046674,
           0.06895370262047155,
           0.12040802039028042,
           0.08819005417196789,
           0.12234904187085366,
           0.024310073922446718,
           0.10884291099012598
          ],
          [
           0.13713519429683296,
           0.6592741230184095,
           0.35182560551208397,
           0.44537499033986805,
           0.8883639538387929,
           0.6404210733333933,
           0.5107421581171014,
           0.2885579042413187,
           0.4864382258832145,
           0.37049178539908245,
           0.45267302356817773,
           6.1030338227611125,
           0.3192771564620445,
           0.3596145075021491,
           0.4703093346637583,
           0.7092360270969452,
           0.4830210428723498,
           0.43272133630543413,
           0.40108583497570455,
           0.34890509857179686,
           0.37921801175380365,
           0.5546784358858705,
           0.2829441906588206,
           0.622615363903291,
           0.9420809450856591,
           0.31970589722221354,
           0.5227322446811566,
           0.37679103021897115,
           0.22058117848541484,
           0.17761925744146184,
           0.27889094225401495,
           0.3750652340984022,
           0.2954452784210806,
           0.057027760104929374,
           0.2823903083955536,
           0.3318053671989307,
           0.1634917892900381,
           0.4876054309318735,
           0.5192585142519706,
           0.34757870042643096,
           0.22594310422375685,
           0.3346968593691912,
           0.3182761813466543,
           0.2799669674209538,
           0.772164690357832,
           0.21592948222568217,
           0.21426053260641065,
           0.23224332523801317,
           0.6794680088279772,
           0.36550640371648596,
           0.34446525325096056,
           0.3850828283692793,
           0.2452381469614252,
           0.34545210396513193,
           0.38339441162870375,
           0.19763258298859446,
           0.3272096894254014,
           0.49301130531605053,
           0.29398024739178885,
           0.40105218400680154,
           0.2726139913961153,
           0.3865120462214242,
           0.15080143245715122,
           0.33216921276655376,
           0.29005653238854234,
           0.1308615319546727,
           -0.005067282594075561,
           0.1396838337372743
          ],
          [
           0.173870135164886,
           0.29534806083794235,
           0.402085343162038,
           0.5249869752318469,
           0.5023040828086658,
           0.32153483976274955,
           0.508184046502962,
           0.32849472242587135,
           0.19402986355350468,
           0.4834501266890553,
           0.18075527163944632,
           0.3192771564620445,
           6.1030338227611125,
           0.30786976475769706,
           0.14847924794409917,
           0.16903751681455023,
           -0.040728089787232795,
           0.4478225575395667,
           0.3770289373326576,
           0.3505811836205523,
           0.33409061134297363,
           0.5462960756071764,
           0.23352058338604842,
           0.3824760657322096,
           0.3330503553743291,
           0.48374421968656084,
           0.40915309693537644,
           0.34701987186683786,
           0.07111521297672312,
           0.009345827793643516,
           0.2683132111423363,
           0.3514417329053476,
           0.2135505330510474,
           0.18087041930323916,
           0.3008491098352922,
           0.39687231760460945,
           0.12159664160472788,
           0.5346579607092948,
           0.41319898517296466,
           0.4365549367232629,
           0.31563727921907303,
           0.17572420747951628,
           0.451088142493538,
           0.1334495383782844,
           0.3043709697417891,
           0.3668015086926048,
           0.2047433139314258,
           0.15753742590919098,
           0.20237632562963076,
           0.09546928503235308,
           0.4108880027682897,
           0.36746679462476517,
           0.33614652682803,
           0.4126414118652503,
           0.4951009585466957,
           0.16600832116372116,
           0.3393244706025738,
           0.4563091376020497,
           0.5087290853732935,
           0.3557300642979675,
           0.4021632220515056,
           0.0936197880828668,
           0.01595962599041111,
           0.31602933239399894,
           0.35684821484575147,
           0.07361182379579179,
           0.03814700813948913,
           0.10058725769843586
          ],
          [
           0.3062511605609326,
           0.3082117369168903,
           0.5588023003220352,
           0.5266760188075167,
           0.4571650129161948,
           0.3829459526838745,
           0.409402122230568,
           0.35342335849114054,
           0.17934039487695722,
           0.5878034379918081,
           0.18026887468753922,
           0.3596145075021491,
           0.30786976475769706,
           6.1030338227611125,
           0.26005873484091774,
           0.1808597481820755,
           0.11017833758448738,
           0.5425959706085157,
           0.7584822133929546,
           0.31402757320758956,
           0.7011745404916453,
           0.4143217094073668,
           0.13220539634178707,
           0.33930818282512015,
           0.46735724369384696,
           0.6504917678191395,
           0.6363346280008599,
           0.6063575303495707,
           0.06247093324290237,
           0.020461568353979994,
           0.4065969005879607,
           0.5106391542627271,
           0.3845653739324223,
           0.1793311712670231,
           0.22099214211244672,
           0.5710855597162534,
           0.19312693021925809,
           0.4304774279969751,
           0.46080681265031775,
           0.39519771480902577,
           0.27388019769345595,
           0.1571638167576742,
           0.5626825142555689,
           0.0911428987398811,
           0.29045760611083976,
           0.3160918735534776,
           0.7281245292030352,
           0.18532380768988288,
           0.13321876197399343,
           0.16630492885343842,
           0.3925239481688375,
           0.7158558283277037,
           0.3429758153993218,
           0.704214309831374,
           0.38220445067555403,
           0.0748974473258235,
           0.233959553446789,
           0.436350937825178,
           0.6180800599859746,
           0.5376008085826306,
           0.6388299172566498,
           0.13054278168637046,
           0.07326917114814115,
           0.3386751296247231,
           0.4331883615200149,
           0.0027057488589389187,
           -0.011381119282795792,
           0.1926037602054361
          ],
          [
           0.3144529085878307,
           0.5943611291532169,
           0.3274948614017662,
           0.42120081824272626,
           0.48539531574125394,
           0.5003546384769041,
           0.2137492924907141,
           0.42796357315045847,
           0.5150619668509365,
           0.35561387435254715,
           0.1615643176727129,
           0.4703093346637583,
           0.14847924794409917,
           0.26005873484091774,
           6.1030338227611125,
           0.34753756322203955,
           0.6727819950613076,
           0.478543244458829,
           0.2812997108485035,
           0.32245201246886446,
           0.5280960999734865,
           0.26647111176676774,
           0.12258618557611138,
           0.6067585370217555,
           0.5959937796721546,
           0.4182155695986914,
           0.4427980611699873,
           0.4765324012424164,
           0.1865385599078917,
           0.11629870009664353,
           0.20459864560967084,
           0.4205364450370761,
           0.409264949994957,
           0.24286284103029263,
           0.2898214129745322,
           0.311442691279818,
           0.16536190847153748,
           0.2972297104980355,
           0.38405722020084326,
           0.21149109769051355,
           0.3670077641230923,
           0.39184168421819526,
           0.31921382008319416,
           -0.014864673587630465,
           0.22641771430962104,
           0.13557708261612103,
           0.21251497061766844,
           0.4769708632301627,
           0.29954866846823053,
           0.49469203419642793,
           0.47452216398748626,
           0.26767585257461207,
           0.2201625025773686,
           0.40794225858173994,
           0.1781304053673048,
           0.0742894152358269,
           0.3363296560948736,
           0.3613943995756765,
           0.3731873550010177,
           0.3162110756252422,
           0.36236551778541504,
           0.04455954078738882,
           0.060267997857300505,
           0.22859941741760545,
           0.4191468637517299,
           0.11509436159016712,
           0.06788972004165951,
           0.11828620755056676
          ],
          [
           0.12213863134024076,
           0.5170972474134607,
           0.1662613476198505,
           0.27868923035202026,
           0.6319029922605551,
           0.5985607036413976,
           0.29956751134638443,
           0.09650750641843711,
           0.33807955739340767,
           0.2155216705895805,
           0.285393880387401,
           0.7092360270969452,
           0.16903751681455023,
           0.1808597481820755,
           0.34753756322203955,
           6.1030338227611125,
           0.31858780893442845,
           0.2882152233810363,
           0.20557391926322305,
           0.22639679509671393,
           0.23859729226668352,
           0.2462231871986441,
           0.15885928942012323,
           0.6291017784402676,
           0.5747228164969884,
           0.2868880592798962,
           0.19462865394674825,
           0.3569147750476401,
           0.21716504054879113,
           0.04024183854599599,
           0.15620629645817025,
           0.25479029822168753,
           -0.015910363556574703,
           0.010051538200761578,
           0.2690480746788652,
           0.15938272324491948,
           0.12471404612574903,
           0.3411081276679032,
           0.29780526179062283,
           0.11161463493044306,
           0.07065508028795085,
           0.29789239068936535,
           0.18910051988826088,
           0.14236831952389525,
           0.2786544738793965,
           0.09689280323956143,
           0.0844814414306045,
           0.09134798947437728,
           0.6269527546376008,
           0.12224896713432004,
           0.2373733092803203,
           0.19687973620981775,
           0.10064028024899523,
           0.1923155996148424,
           0.11597737376957482,
           0.09945796500358217,
           0.29845475915966835,
           0.2409130522265943,
           0.23372889245324474,
           0.050422327627123,
           0.2045623583420553,
           0.16855922100982473,
           0.0452063153646826,
           0.15813808235517718,
           0.17499881337283463,
           0.11060982038002296,
           -0.025473155490984785,
           0.0892765280479888
          ],
          [
           0.08278151403852373,
           0.3509778580179634,
           0.09748523828823868,
           0.12062683871093914,
           0.2410042012972285,
           0.29433751217632925,
           -0.008977315099918818,
           0.22511643093613953,
           0.4032242600552088,
           0.0813490134923621,
           0.13583162639363033,
           0.4830210428723498,
           -0.040728089787232795,
           0.11017833758448738,
           0.6727819950613076,
           0.31858780893442845,
           6.1030338227611125,
           0.17675568641995007,
           0.04816536701289768,
           0.06812798272398254,
           0.16746260616377884,
           -0.007390608875086884,
           0.06512941870855012,
           0.23667801886278078,
           0.46426269325116776,
           0.03525446559687659,
           0.21199351593251353,
           0.13068735340990412,
           0.17248781110134534,
           0.19852424366986648,
           0.04587460506772096,
           0.1474562607586099,
           0.33704853316611727,
           0.011938031197246218,
           -0.030298878050013894,
           0.07516462751711943,
           0.0885742651943559,
           -0.008830506442065112,
           0.21634862756875292,
           -0.029365797164386784,
           0.17720795487410115,
           0.21972609770971385,
           0.07255082025477924,
           0.038210868054544905,
           0.2992829624251756,
           -0.03320285318188624,
           0.0687229714069497,
           0.28184825665927815,
           0.3026107037859749,
           0.5474721375176856,
           0.18034702341346373,
           0.044042740032911726,
           -0.028671041087973654,
           0.07615173174588602,
           -0.0772352863710466,
           -0.010321953545306267,
           0.025899005199558196,
           0.08024275173034096,
           0.01729378508693389,
           0.1897317553488378,
           0.00307126070639843,
           0.1691161868047154,
           0.1281740305435125,
           0.07636676906371108,
           0.09282612526646732,
           0.08427758238574466,
           -0.028350557865672473,
           0.08560021298725533
          ],
          [
           0.391771111635563,
           0.45736557140793344,
           0.9218758962052185,
           0.9710793049729172,
           0.6959813512605555,
           0.5663096732723694,
           0.5301100125559518,
           0.836181412220356,
           0.40440083038225433,
           1.1121352901735062,
           0.205994127658536,
           0.43272133630543413,
           0.4478225575395667,
           0.5425959706085157,
           0.478543244458829,
           0.2882152233810363,
           0.17675568641995007,
           6.1030338227611125,
           0.6923194424606024,
           0.42334843200738137,
           0.7377161394667865,
           0.5594101657488422,
           0.2311820117966356,
           0.5639162986575788,
           0.5520602661115392,
           0.9719340781632505,
           0.708038531349952,
           0.6787113184047681,
           0.14359401138195463,
           0.06513523752854947,
           0.40274945152668973,
           0.5952256030475935,
           0.3911833987032809,
           0.3225488038819123,
           0.4404289113046571,
           0.8680753270712863,
           0.21113416862566914,
           0.679972307762506,
           0.613745704945802,
           0.5066276662053514,
           0.7196318305445375,
           0.39078437525438076,
           0.9943050511097721,
           0.07396912093142889,
           0.31366820158414177,
           0.5036905870347099,
